extrinsics:
- - - 0.8853786412835671
    - 0.16572360872309783
    - -0.43432746525019306
    - -130.09198901371576
  - - -0.4447885989285278
    - 0.030355879784048984
    - -0.8951210101576956
    - -50.923440855683225
  - - -0.1351582917251525
    - 0.9857049285026073
    - 0.10058841933149487
    - 56.55832725491435
- - - -0.025533298408739167
    - -0.0012348501685865696
    - -0.9996732095127048
    - -83.56837523858555
  - - -0.9733715331058199
    - -0.2278501480055908
    - 0.025142963092200987
    - 132.4851970872787
  - - -0.22780673653690683
    - 0.9736954273277098
    - 0.0046157978197490165
    - 57.30030178851785
- - - -0.9989382242306054
    - 0.013584377865367168
    - -0.044021458960551575
    - 47.468118238045676
  - - -0.045720276401118094
    - -0.17484067240054033
    - 0.9835346438231509
    - 166.12916980311292
  - - 0.005663964760657397
    - 0.9845030238412362
    - 0.17527611232182264
    - 58.84394085283278
- - - -0.7283820635787972
    - -0.2724861955916911
    - 0.628657969541992
    - 110.21152502121272
  - - 0.6812591829268457
    - -0.3859230675087212
    - 0.6220524991047826
    - 53.75289889212931
  - - 0.07311289308008367
    - 0.8813708976229165
    - 0.46673316326230196
    - 43.47155908306207
- - - -0.1124738178873348
    - -0.2207703537486778
    - 0.9688189155851212
    - 59.38867466563903
  - - 0.9656278006797979
    - -0.25422093631762294
    - 0.05417255847832815
    - 15.1233579032964
  - - 0.2343343569435422
    - 0.9416114731902296
    - 0.24177519044017282
    - 28.959627048887665
- - - 0.6257422782283742
    - -0.03745668406902794
    - 0.7791300264115845
    - 25.692170988145865
  - - 0.7739266603693042
    - -0.09489288853239523
    - -0.6261252782595462
    - -89.61748939208191
  - - 0.0973864754839167
    - 0.9947825574086687
    - -0.030389765847881226
    - 33.429566658740384
- - - 0.9973633388170221
    - -0.02030458991301941
    - 0.06967132848041736
    - -55.48356589787771
  - - 0.06659713969598052
    - 0.6375005076707507
    - -0.767566234082668
    - -118.45804336758403
  - - -0.028830389662232468
    - 0.7701823331835124
    - 0.6371718624389535
    - 53.835964685341544
- - - -0.9975926654805548
    - 0.002449887124476557
    - 0.06930275486933431
    - 52.3277007090214
  - - -0.05527385605946842
    - -0.6315976006849909
    - -0.7733235232716511
    - -6.391268861766791
  - - 0.04187689835361358
    - -0.7752925053565528
    - 0.6302125486867436
    - 181.16735786039217
- - - -0.09793279638981174
    - -0.500459664693226
    - -0.860203052427981
    - 7.302498296239854
  - - 0.9913520415220356
    - -0.12492579719499264
    - -0.040183018369556005
    - -51.453817333455774
  - - -0.08735157217454181
    - -0.856699287504279
    - 0.5083660429535952
    - 199.08370169490283
- - - -0.4778009335830441
    - -0.40618166967284824
    - 0.7789240778721305
    - 139.40971796038716
  - - 0.8774415506987766
    - -0.17781095799873714
    - 0.44551048059826537
    - -3.308478458811542
  - - -0.04245695437143013
    - 0.8963256743156185
    - 0.4413589158362543
    - 53.26499443707939
- - - -0.9968446046086609
    - -0.01360492664001658
    - -0.07820319835992888
    - 58.5022120327062
  - - -0.06592987177256217
    - -0.40674540254720654
    - 0.9111593875468577
    - 152.75485111289095
  - - -0.044205048022325735
    - 0.913440246254691
    - 0.40456498890970943
    - 59.52999444827236
- - - -0.5805406230261098
    - -0.3781426798160865
    - -0.7210968719374429
    - 40.24869342538814
  - - 0.8051355263323178
    - -0.3986058939142309
    - -0.4391698140519433
    - -76.99632400818868
  - - -0.12136461285744585
    - -0.835536626987917
    - 0.5358630195372852
    - 202.30817969192557
- - - -0.76558847369651
    - 0.29069908592447
    - 0.5739062034738134
    - 82.89075267284129
  - - -0.6402626405680357
    - -0.2572747657200194
    - -0.7237910237192472
    - 9.240286084239964
  - - -0.06275380495153053
    - -0.9215767663989727
    - 0.38309035957293236
    - 218.24204601605572
- - - -0.4606927452164023
    - 0.14608327867461907
    - -0.875455235975346
    - -43.03883108046506
  - - -0.879134822690008
    - -0.21068724400871597
    - 0.42747262923586093
    - 113.96151776041366
  - - -0.1220006476982113
    - 0.9665767227197669
    - 0.22548898212003965
    - 50.968240867469724
- - - -0.47802798157323306
    - -0.38180401576396816
    - 0.7910214550690318
    - 62.266674724344355
  - - 0.8497446374746075
    - -0.42896800948600305
    - 0.3064645133139626
    - 48.76169153867185
  - - 0.22231351716926329
    - 0.8186648522955677
    - 0.5294946266957843
    - 31.21068692354073
- - - 0.852213282296265
    - 0.2348346892459147
    - -0.46753095106591747
    - -135.4221065070265
  - - 0.04740942463237214
    - 0.8552702988917185
    - 0.5160087812137483
    - -152.3571552781165
  - - 0.5210420980437703
    - -0.46191491051972455
    - 0.7177393311681481
    - 207.74118531182822
- - - 0.7775051034252881
    - 0.4190150142034249
    - 0.46894800566772366
    - -76.78521856566782
  - - -0.5604064522410399
    - 0.8000080385448227
    - 0.21431693015316472
    - -163.29042034220686
  - - -0.2853601626615792
    - -0.42943399508628655
    - 0.8568290502953246
    - 239.90915208613887
- - - 0.6551028531410384
    - -0.17266076124552457
    - -0.7355464046085654
    - -66.6913164136518
  - - -0.34898434112577403
    - 0.7943110289210733
    - -0.49727247961590976
    - -137.0630735955055
  - - 0.670112066340758
    - 0.5824587975646534
    - 0.46009951932604515
    - 126.02538422376081
- - - 0.9798103364285777
    - 0.15428442059175657
    - 0.1271535378602713
    - -74.76004116984616
  - - -0.19303656582559764
    - 0.5644903931291613
    - 0.8025506091949248
    - 17.614433782562386
  - - 0.05204410516069192
    - -0.8108926646773611
    - 0.5828760567140084
    - 250.0076570439711
- - - 0.40249611728022416
    - 0.21497050568180012
    - -0.8898227673313688
    - -169.69908356701345
  - - 0.10117813401571155
    - 0.9556336170769066
    - 0.276635816751207
    - -90.83909150183247
  - - 0.909813091118963
    - -0.20137544934628895
    - 0.36288850578261295
    - 130.8559481346314
- - - 0.8281488919399097
    - 0.19655915450096043
    - 0.5249132419367676
    - -63.96733321593633
  - - -0.413608356799338
    - 0.846335373483559
    - 0.335625628902496
    - -126.43627649345005
  - - -0.37828235481509215
    - -0.4950564961419171
    - 0.7821902106669687
    - 225.95283309678896
- - - 0.8390624125655373
    - -0.14874925388388532
    - -0.5233048129806254
    - -41.51996020139429
  - - -0.21892130542638938
    - 0.7882618497970707
    - -0.5750797494129883
    - -114.53368857343298
  - - 0.4980439035367317
    - 0.5970903747536778
    - 0.6288365085826421
    - 90.12695890491388
poly_incident_angle_to_radius:
- 0.0
- 278.90189319393966
- -4.352617460462345
- 8.474584363485814
- -26.483509815320122
poly_radius_to_z:
- 280.32492106364776
- 0.0
- -0.00228675002544054
- 1.0109062134870987e-05
- -3.1733888151791946e-08
principal_point:
- 502.1322099666821
- 495.7692529889097
