extrinsics:
- - - 0.8853786412835672
    - 0.16572360872309805
    - -0.43432746525019345
    - -130.09198901371582
  - - -0.444788598928528
    - 0.03035587978404919
    - -0.8951210101576956
    - -50.923440855683246
  - - -0.13515829172515254
    - 0.9857049285026073
    - 0.10058841933149518
    - 56.558327254914396
- - - -0.025533298408739278
    - -0.0012348501685867654
    - -0.9996732095127048
    - -83.56837523858552
  - - -0.9733715331058198
    - -0.22785014800559072
    - 0.025142963092201126
    - 132.4851970872787
  - - -0.22780673653690683
    - 0.9736954273277101
    - 0.004615797819748881
    - 57.30030178851783
- - - -0.9989382242306055
    - 0.013584377865367122
    - -0.04402145896055174
    - 47.46811823804567
  - - -0.04572027640111823
    - -0.1748406724005404
    - 0.9835346438231508
    - 166.12916980311292
  - - 0.005663964760657319
    - 0.9845030238412362
    - 0.17527611232182275
    - 58.843940852832816
- - - -0.7283820635787972
    - -0.27248619559169146
    - 0.6286579695419917
    - 110.21152502121275
  - - 0.6812591829268458
    - -0.3859230675087214
    - 0.6220524991047823
    - 53.75289889212934
  - - 0.07311289308008359
    - 0.8813708976229164
    - 0.46673316326230224
    - 43.47155908306213
- - - -0.11247381788733482
    - -0.2207703537486778
    - 0.9688189155851213
    - 59.388674665639016
  - - 0.9656278006797979
    - -0.25422093631762294
    - 0.05417255847832817
    - 15.123357903296398
  - - 0.23433435694354215
    - 0.9416114731902296
    - 0.2417751904401728
    - 28.959627048887686
- - - 0.6257422782283741
    - -0.03745668406902808
    - 0.7791300264115849
    - 25.69217098814586
  - - 0.7739266603693041
    - -0.09489288853239523
    - -0.626125278259546
    - -89.6174893920819
  - - 0.09738647548391677
    - 0.9947825574086687
    - -0.03038976584788111
    - 33.429566658740384
- - - 0.997363338817022
    - -0.02030458991301936
    - 0.06967132848041768
    - -55.48356589787772
  - - 0.06659713969598074
    - 0.6375005076707504
    - -0.767566234082668
    - -118.45804336758401
  - - -0.028830389662232683
    - 0.7701823331835129
    - 0.6371718624389531
    - 53.83596468534154
- - - -0.9975926654805548
    - 0.002449887124476614
    - 0.06930275486933449
    - 52.32770070902139
  - - -0.05527385605946859
    - -0.6315976006849908
    - -0.7733235232716511
    - -6.391268861766787
  - - 0.041876898353613655
    - -0.7752925053565527
    - 0.6302125486867436
    - 181.16735786039214
- - - -0.09793279638981169
    - -0.5004596646932259
    - -0.8602030524279811
    - 7.302498296239845
  - - 0.9913520415220356
    - -0.1249257971949928
    - -0.040183018369555866
    - -51.45381733345575
  - - -0.08735157217454205
    - -0.8566992875042789
    - 0.5083660429535952
    - 199.08370169490283
- - - -0.4778009335830444
    - -0.40618166967284824
    - 0.7789240778721301
    - 139.40971796038716
  - - 0.8774415506987763
    - -0.17781095799873722
    - 0.4455104805982658
    - -3.308478458811525
  - - -0.04245695437143028
    - 0.8963256743156185
    - 0.4413589158362543
    - 53.26499443707941
- - - -0.9968446046086609
    - -0.01360492664001667
    - -0.07820319835992894
    - 58.50221203270619
  - - -0.0659298717725622
    - -0.40674540254720654
    - 0.9111593875468574
    - 152.75485111289092
  - - -0.04420504802232585
    - 0.9134402462546911
    - 0.4045649889097094
    - 59.52999444827239
- - - -0.5805406230261099
    - -0.37814267981608646
    - -0.7210968719374428
    - 40.24869342538813
  - - 0.805135526332318
    - -0.39860589391423096
    - -0.4391698140519431
    - -76.99632400818868
  - - -0.12136461285744601
    - -0.8355366269879171
    - 0.5358630195372851
    - 202.3081796919256
- - - -0.7655884736965098
    - 0.2906990859244699
    - 0.5739062034738132
    - 82.89075267284127
  - - -0.6402626405680357
    - -0.25727476572001917
    - -0.7237910237192472
    - 9.240286084239951
  - - -0.06275380495153053
    - -0.9215767663989729
    - 0.38309035957293225
    - 218.24204601605575
- - - -0.46069274521640236
    - 0.146083278674619
    - -0.8754552359753458
    - -43.03883108046506
  - - -0.8791348226900079
    - -0.21068724400871577
    - 0.42747262923586105
    - 113.96151776041363
  - - -0.1220006476982111
    - 0.9665767227197669
    - 0.22548898212003957
    - 50.968240867469724
- - - -0.47802798157323295
    - -0.3818040157639682
    - 0.7910214550690318
    - 62.26667472434435
  - - 0.8497446374746076
    - -0.42896800948600333
    - 0.3064645133139623
    - 48.761691538671876
  - - 0.22231351716926354
    - 0.8186648522955678
    - 0.5294946266957843
    - 31.21068692354073
- - - 0.852213282296265
    - 0.2348346892459147
    - -0.4675309510659175
    - -135.4221065070265
  - - 0.04740942463237224
    - 0.8552702988917185
    - 0.5160087812137479
    - -152.3571552781165
  - - 0.5210420980437703
    - -0.4619149105197246
    - 0.7177393311681481
    - 207.74118531182822
- - - 0.7775051034252882
    - 0.4190150142034251
    - 0.4689480056677234
    - -76.78521856566785
  - - -0.5604064522410397
    - 0.8000080385448226
    - 0.2143169301531646
    - -163.29042034220691
  - - -0.28536016266157915
    - -0.4294339950862864
    - 0.856829050295325
    - 239.90915208613887
- - - 0.6551028531410382
    - -0.17266076124552454
    - -0.7355464046085654
    - -66.69131641365182
  - - -0.3489843411257742
    - 0.7943110289210733
    - -0.4972724796159096
    - -137.06307359550544
  - - 0.6701120663407582
    - 0.5824587975646534
    - 0.4600995193260449
    - 126.0253842237608
- - - 0.9798103364285776
    - 0.15428442059175673
    - 0.12715353786027117
    - -74.76004116984616
  - - -0.1930365658255976
    - 0.564490393129161
    - 0.8025506091949252
    - 17.614433782562386
  - - 0.05204410516069221
    - -0.8108926646773613
    - 0.5828760567140082
    - 250.0076570439711
- - - 0.4024961172802237
    - 0.21497050568180012
    - -0.8898227673313689
    - -169.69908356701342
  - - 0.10117813401571164
    - 0.9556336170769064
    - 0.27663581675120696
    - -90.83909150183247
  - - 0.9098130911189635
    - -0.20137544934628893
    - 0.3628885057826125
    - 130.85594813463135
- - - 0.8281488919399097
    - 0.19655915450096056
    - 0.5249132419367676
    - -63.96733321593634
  - - -0.4136083567993381
    - 0.846335373483559
    - 0.3356256289024961
    - -126.43627649345007
  - - -0.378282354815092
    - -0.49505649614191727
    - 0.7821902106669686
    - 225.95283309678905
- - - 0.8390624125655374
    - -0.1487492538838855
    - -0.5233048129806253
    - -41.5199602013943
  - - -0.2189213054263895
    - 0.7882618497970707
    - -0.5750797494129887
    - -114.53368857343298
  - - 0.49804390353673184
    - 0.5970903747536782
    - 0.6288365085826417
    - 90.1269589049139
poly_incident_angle_to_radius:
- 0.0
- 278.9018931939399
- -4.352617460463032
- 8.474584363486693
- -26.48350981532049
poly_radius_to_z:
- 280.3249210636481
- 0.0
- -0.0022867500254405604
- 1.0109062134871107e-05
- -3.173388815179218e-08
principal_point:
- 502.1322099666821
- 495.7692529889097
