extrinsics:
- - - 0.8853786412835672
    - 0.16572360872309802
    - -0.4343274652501934
    - -130.0919890137158
  - - -0.444788598928528
    - 0.030355879784049328
    - -0.8951210101576955
    - -50.923440855683246
  - - -0.13515829172515242
    - 0.9857049285026073
    - 0.10058841933149532
    - 56.55832725491442
- - - -0.025533298408739056
    - -0.001234850168586727
    - -0.9996732095127048
    - -83.56837523858553
  - - -0.97337153310582
    - -0.22785014800559067
    - 0.025142963092200925
    - 132.48519708727872
  - - -0.22780673653690672
    - 0.97369542732771
    - 0.004615797819748832
    - 57.300301788517864
- - - -0.9989382242306055
    - 0.013584377865367174
    - -0.04402145896055163
    - 47.46811823804567
  - - -0.045720276401118164
    - -0.17484067240054052
    - 0.9835346438231509
    - 166.12916980311292
  - - 0.0056639647606573865
    - 0.9845030238412363
    - 0.1752761123218228
    - 58.84394085283283
- - - -0.7283820635787972
    - -0.2724861955916913
    - 0.6286579695419918
    - 110.21152502121275
  - - 0.6812591829268458
    - -0.38592306750872113
    - 0.6220524991047826
    - 53.75289889212932
  - - 0.07311289308008359
    - 0.8813708976229166
    - 0.466733163262302
    - 43.47155908306213
- - - -0.11247381788733495
    - -0.22077035374867773
    - 0.9688189155851213
    - 59.388674665639016
  - - 0.9656278006797978
    - -0.2542209363176229
    - 0.0541725584783283
    - 15.1233579032964
  - - 0.2343343569435421
    - 0.9416114731902296
    - 0.24177519044017284
    - 28.959627048887693
- - - 0.6257422782283742
    - -0.0374566840690281
    - 0.779130026411585
    - 25.69217098814587
  - - 0.7739266603693041
    - -0.0948928885323951
    - -0.6261252782595462
    - -89.61748939208191
  - - 0.09738647548391674
    - 0.9947825574086687
    - -0.030389765847881046
    - 33.429566658740406
- - - 0.9973633388170219
    - -0.02030458991301943
    - 0.06967132848041746
    - -55.4835658978777
  - - 0.06659713969598059
    - 0.6375005076707507
    - -0.767566234082668
    - -118.45804336758401
  - - -0.028830389662232492
    - 0.7701823331835126
    - 0.6371718624389535
    - 53.835964685341565
- - - -0.9975926654805548
    - 0.0024498871244766586
    - 0.06930275486933445
    - 52.327700709021386
  - - -0.05527385605946849
    - -0.6315976006849913
    - -0.7733235232716509
    - -6.391268861766736
  - - 0.04187689835361361
    - -0.7752925053565523
    - 0.6302125486867438
    - 181.16735786039214
- - - -0.09793279638981166
    - -0.5004596646932259
    - -0.8602030524279811
    - 7.302498296239846
  - - 0.9913520415220355
    - -0.12492579719499264
    - -0.04018301836955591
    - -51.45381733345576
  - - -0.0873515721745419
    - -0.8566992875042793
    - 0.5083660429535951
    - 199.08370169490286
- - - -0.4778009335830441
    - -0.40618166967284824
    - 0.7789240778721301
    - 139.40971796038716
  - - 0.8774415506987764
    - -0.17781095799873717
    - 0.4455104805982655
    - -3.3084784588115252
  - - -0.0424569543714302
    - 0.8963256743156185
    - 0.4413589158362542
    - 53.264994437079444
- - - -0.996844604608661
    - -0.013604926640016547
    - -0.0782031983599293
    - 58.50221203270619
  - - -0.06592987177256256
    - -0.4067454025472067
    - 0.9111593875468573
    - 152.754851112891
  - - -0.04420504802232589
    - 0.9134402462546909
    - 0.4045649889097095
    - 59.52999444827244
- - - -0.5805406230261095
    - -0.37814267981608657
    - -0.721096871937443
    - 40.24869342538815
  - - 0.805135526332318
    - -0.3986058939142312
    - -0.4391698140519428
    - -76.99632400818867
  - - -0.12136461285744618
    - -0.8355366269879169
    - 0.5358630195372853
    - 202.30817969192563
- - - -0.7655884736965098
    - 0.2906990859244702
    - 0.5739062034738132
    - 82.89075267284126
  - - -0.6402626405680358
    - -0.25727476572001945
    - -0.723791023719247
    - 9.240286084239989
  - - -0.06275380495153048
    - -0.9215767663989726
    - 0.38309035957293247
    - 218.24204601605572
- - - -0.46069274521640213
    - 0.14608327867461895
    - -0.8754552359753459
    - -43.03883108046505
  - - -0.879134822690008
    - -0.21068724400871575
    - 0.4274726292358608
    - 113.96151776041366
  - - -0.12200064769821124
    - 0.9665767227197668
    - 0.2254889821200394
    - 50.96824086746975
- - - -0.47802798157323284
    - -0.3818040157639681
    - 0.7910214550690319
    - 62.266674724344334
  - - 0.8497446374746074
    - -0.42896800948600317
    - 0.30646451331396246
    - 48.76169153867186
  - - 0.22231351716926348
    - 0.8186648522955678
    - 0.5294946266957841
    - 31.210686923540738
- - - 0.8522132822962653
    - 0.23483468924591447
    - -0.4675309510659174
    - -135.4221065070265
  - - 0.04740942463237235
    - 0.8552702988917184
    - 0.5160087812137484
    - -152.3571552781165
  - - 0.5210420980437702
    - -0.46191491051972466
    - 0.7177393311681483
    - 207.7411853118283
- - - 0.7775051034252882
    - 0.41901501420342513
    - 0.4689480056677234
    - -76.78521856566785
  - - -0.5604064522410399
    - 0.8000080385448226
    - 0.21431693015316508
    - -163.2904203422069
  - - -0.2853601626615789
    - -0.42943399508628693
    - 0.8568290502953247
    - 239.909152086139
- - - 0.6551028531410383
    - -0.17266076124552457
    - -0.7355464046085654
    - -66.69131641365182
  - - -0.348984341125774
    - 0.7943110289210733
    - -0.49727247961590965
    - -137.06307359550544
  - - 0.670112066340758
    - 0.5824587975646534
    - 0.46009951932604515
    - 126.02538422376088
- - - 0.9798103364285777
    - 0.15428442059175654
    - 0.12715353786027106
    - -74.76004116984615
  - - -0.19303656582559742
    - 0.5644903931291613
    - 0.8025506091949248
    - 17.614433782562383
  - - 0.05204410516069209
    - -0.8108926646773611
    - 0.5828760567140081
    - 250.00765704397116
- - - 0.4024961172802239
    - 0.21497050568180026
    - -0.8898227673313691
    - -169.69908356701342
  - - 0.10117813401571171
    - 0.9556336170769066
    - 0.2766358167512071
    - -90.83909150183247
  - - 0.9098130911189632
    - -0.20137544934628912
    - 0.36288850578261267
    - 130.85594813463146
- - - 0.8281488919399098
    - 0.19655915450096048
    - 0.5249132419367675
    - -63.967333215936335
  - - -0.4136083567993381
    - 0.846335373483559
    - 0.33562562890249636
    - -126.43627649345004
  - - -0.378282354815092
    - -0.4950564961419175
    - 0.7821902106669686
    - 225.95283309678908
- - - 0.8390624125655372
    - -0.1487492538838854
    - -0.5233048129806251
    - -41.51996020139429
  - - -0.21892130542638913
    - 0.7882618497970708
    - -0.5750797494129881
    - -114.53368857343298
  - - 0.49804390353673167
    - 0.5970903747536778
    - 0.6288365085826421
    - 90.12695890491392
poly_incident_angle_to_radius:
- 0.0
- 278.9018931939398
- -4.352617460462824
- 8.474584363486441
- -26.483509815320406
poly_radius_to_z:
- 280.3249210636481
- 0.0
- -0.002286750025440553
- 1.0109062134871065e-05
- -3.1733888151792125e-08
principal_point:
- 502.1322099666821
- 495.7692529889097
