extrinsics:
- - - -0.9161423865085263
    - 0.3679113420253954
    - -0.15913633165162108
    - -61.33734087339761
  - - -0.30948646309297934
    - -0.39689367817375
    - 0.8641143080564689
    - 92.21832176132476
  - - 0.25475725074011163
    - 0.8409022848314686
    - 0.4774747014874774
    - 45.143923050767434
- - - 0.7879531285424226
    - -0.3526218606359598
    - -0.5047649855346963
    - -91.0619987963036
  - - 0.6011118704027693
    - 0.2629315477204827
    - 0.7546731216057692
    - -43.790331136045936
  - - -0.13339560143082954
    - -0.8980672717647297
    - 0.4191429218106421
    - 212.42975405704044
- - - 0.42706015455376906
    - -0.30880338974767335
    - -0.8498588652669672
    - -79.02481474321782
  - - 0.8990770367232721
    - 0.044884473190214616
    - 0.435483485454198
    - -51.448420598742416
  - - -0.09633330903384651
    - -0.9500662348209116
    - 0.2968064066421175
    - 220.5803388620266
- - - 0.10000954529143449
    - -0.25778046259623455
    - -0.961013696028455
    - -55.20639254866625
  - - 0.9907914162271824
    - -0.06279801811417955
    - 0.11995323443519741
    - -70.95461563056949
  - - -0.09127135575378931
    - -0.9641605893338527
    - 0.24912626837461901
    - 220.94725196111276
- - - -0.19558705581201566
    - -0.1464892198439044
    - -0.9696837691063576
    - -51.67203356662653
  - - 0.9769627817647404
    - -0.11518756167255234
    - -0.17965396929216937
    - -102.60011036325326
  - - -0.08537813915334094
    - -0.9824829434170632
    - 0.16564371177094706
    - 223.04310087353022
- - - -0.978223807677895
    - 0.0776807790518318
    - -0.19246786396191118
    - 37.74082775639169
  - - 0.16944781461719105
    - -0.23660131656905317
    - -0.9567169148286495
    - -46.74572892338248
  - - -0.11985666528657611
    - -0.9684965222259145
    - 0.2182862025476885
    - 223.45146201679535
- - - 0.7873746568493608
    - -0.2534987818296316
    - 0.5619426281767951
    - 35.77253349364857
  - - 0.6088585676421449
    - 0.17693131957702743
    - -0.77329590246004
    - -76.39171964980497
  - - 0.0966043185375624
    - 0.9510171795312766
    - 0.29365614224168474
    - 39.09691345215436
- - - 0.19372346360556686
    - 0.3233931203549465
    - 0.926222494520487
    - 67.82465570619613
  - - -0.9810561182729269
    - 0.06418126022232248
    - 0.18278309176598148
    - 50.18772918541578
  - - -0.0003353325502627425
    - -0.9440856187567763
    - 0.3297002153604319
    - 224.93657099909046
- - - 0.4625052351300877
    - 0.3878148372896679
    - 0.7973007960959596
    - 40.675014973499245
  - - -0.8842960986474155
    - 0.13675662330866345
    - 0.44645048538239146
    - 56.02192438128896
  - - 0.06410395771107277
    - -0.9115356701518601
    - 0.40619380183180576
    - 213.93725248019058
- - - 0.6188418783667883
    - 0.4574198050788758
    - 0.6385936513159749
    - 4.7320335924736066
  - - -0.7746410904932151
    - 0.2205696968626997
    - 0.592688948560187
    - 55.90124037499951
  - - 0.1302532552335955
    - -0.8614616246516731
    - 0.49083394213680037
    - 196.64068611774763
- - - 0.8126980124513868
    - 0.38986237386047473
    - 0.43304649866433564
    - -7.929184531951351
  - - -0.5596602397580592
    - 0.3154184206085912
    - 0.7663495520809898
    - 37.23489323373367
  - - 0.16218001292242099
    - -0.8651696650881012
    - 0.4745303931465572
    - 192.84909985964194
- - - -0.9634600695099725
    - -0.0956931384552543
    - -0.2501749741929083
    - 61.40671865432498
  - - -0.1837881300071819
    - -0.4432666344136948
    - 0.8773463478490231
    - 97.22436348112389
  - - -0.19485024436295165
    - 0.8912673639644499
    - 0.4094824394324603
    - 67.40989979223471
- - - -0.8619072197534652
    - -0.06007052229330448
    - -0.5034952600454758
    - 33.64370056800486
  - - -0.41944904247263853
    - -0.4734749351175529
    - 0.7745217792833304
    - 96.06635054155903
  - - -0.2849183133911162
    - 0.8787565181361892
    - 0.3828949418933646
    - 65.30752393240324
- - - 0.6094382009195997
    - 0.015921249487388094
    - 0.79267369899262
    - 90.95004414243098
  - - -0.7928266851684673
    - 0.00806987448767684
    - 0.6093937351257668
    - 106.47454982140931
  - - 0.0033055324324356384
    - -0.9998406827792683
    - 0.017540881244242804
    - 242.03603566934595
- - - 0.12084500837777548
    - -0.06628689955555822
    - 0.9904557187969015
    - 155.32631040497756
  - - -0.9916558479194318
    - 0.03705972302750175
    - 0.12347168183967194
    - 63.780675167340874
  - - -0.044890569581680494
    - -0.997112142076525
    - -0.06125530904498076
    - 242.3375926274188
- - - -0.3000958286722644
    - 0.04299216570608059
    - 0.9529397500899036
    - 142.98980674833354
  - - -0.9503650950822624
    - 0.07255726706879395
    - -0.30255847210876424
    - 6.594531964002575
  - - -0.0821503479164215
    - -0.9964372116111525
    - 0.019084120461847123
    - 239.07154362090637
- - - 0.020441229825150092
    - 0.15414585982361312
    - -0.9878366312414589
    - -94.5573635935515
  - - -0.9987072125867265
    - -0.04284589670024029
    - -0.027352013878384065
    - 64.76818929706216
  - - -0.04654094595607581
    - 0.9871186772800886
    - 0.15307075917471066
    - 48.67727348691879
- - - 0.6748986341784968
    - -0.0861538423589591
    - -0.732863799781915
    - -124.58604862063684
  - - 0.7317273983254667
    - -0.05016207313801311
    - 0.6797490573427374
    - 28.852460964087797
  - - -0.09532496065481988
    - -0.9950182319260709
    - 0.029186812276656655
    - 234.65823972631898
- - - 0.8001553743740061
    - 0.1236132093425076
    - -0.5869166476906578
    - -115.33165905770707
  - - -0.5751049207000898
    - 0.4359723004610098
    - -0.6922300798269881
    - -56.98649979784166
  - - 0.1703106193017259
    - 0.89143027080461
    - 0.4199361442484824
    - 58.47066010945195
- - - 0.9999191259477747
    - 0.011109170744769848
    - 0.006190952204762111
    - -15.114580252954923
  - - 0.0018815276893795116
    - 0.3522169879655369
    - -0.9359164777062315
    - -101.00450904959429
  - - -0.012577814491882043
    - 0.935852434796132
    - 0.35216760053809515
    - 63.52234006372615
poly_incident_angle_to_radius:
- 0.0
- 245.04645070500868
- 0.4227668381888705
- 11.006053610428596
- -27.082562411480623
poly_radius_to_z:
- 247.4567017952672
- 0.0
- -0.0025210074572670723
- 1.3204525769505787e-05
- -4.6280547240526355e-08
principal_point:
- 326.4807219557533
- 240.91806527539347
